000001 1 2 2 1 3 
000002 2 2 2 1 3 
000003 2 2 1 2 5 
000004 1 2 2 2 5 
000005 1 2 2 2 5 
000006 1 2 2 2 3 
000007 1 2 1 2 1 
000008 2 2 1 2 1 
000009 1 2 2 1 5 
000010 1 2 2 2 5 
000011 1 2 2 1 1 
000012 1 2 1 1 1 
000013 2 2 1 1 2 
000014 2 2 2 1 1 
000015 2 2 1 2 5 
000016 2 2 1 1 5 
000017 2 2 2 1 1 
000018 2 2 2 1 2 
000019 1 2 2 2 2 
000020 2 2 1 2 1 
000021 2 2 1 1 4 
000022 2 2 2 2 2 
000023 1 2 1 1 3 
000024 1 2 2 2 2 
000025 2 2 1 2 5 
000026 1 2 2 2 5 
000027 1 2 2 1 1 
000028 1 2 2 1 3 
000029 1 2 2 1 2 
000030 2 2 1 2 5 
000031 2 2 2 1 5 
000032 2 2 1 2 3 
000033 1 2 1 1 4 
000034 1 2 2 2 3 
000035 1 2 2 2 1 
000036 2 2 1 2 1 
000037 2 2 1 2 5 
000038 1 2 1 1 5 
000039 1 2 2 1 3 
000040 1 2 2 2 1 
000041 1 2 1 1 1 
000042 1 2 2 1 3 
000043 1 2 2 1 3 
000044 2 2 2 2 1 
000045 1 2 2 1 3 
000046 1 2 2 1 1 
000047 2 2 2 1 1 
000048 2 2 1 2 5 
000049 2 2 1 2 1 
000050 1 2 1 1 1 
000051 2 2 1 2 4 
000052 2 2 1 2 3 
000053 2 1 1 2 5 
000054 1 2 2 1 2 
000055 2 2 1 2 1 
000056 1 2 1 2 1 
000057 1 2 2 2 1 
000058 1 2 2 2 5 
000059 2 2 2 2 1 
000060 2 2 1 2 5 
000061 2 2 1 2 5 
000062 1 2 2 1 5 
000063 1 2 2 1 5 
000064 1 2 1 1 3 
000065 2 2 1 1 1 
000066 1 2 2 1 5 
000067 2 2 1 2 3 
000068 2 2 1 1 5 
000069 2 2 1 2 5 
000070 2 2 1 1 1 
000071 1 2 2 1 2 
000072 2 2 1 1 1 
000073 1 2 2 2 4 
000074 2 2 2 2 5 
000075 2 2 2 2 3 
000076 1 2 1 1 1 
000077 1 2 2 1 5 
000078 2 2 2 2 1 
000079 1 2 1 1 5 
000080 1 2 1 2 1 
000081 2 2 1 1 1 
000082 1 2 1 1 5 
000083 1 2 2 1 3 
000084 2 2 2 2 5 
000085 1 2 2 2 3 
000086 1 2 2 2 5 
000087 1 2 2 1 5 
000088 1 2 2 2 3 
000089 1 2 2 2 5 
000090 2 2 1 2 3 
000091 1 2 1 2 1 
000092 1 2 2 1 2 
000093 2 1 2 2 5 
000094 2 2 2 1 5 
000095 2 2 2 2 5 
000096 1 2 2 2 5 
000097 1 2 2 2 3 
000098 1 2 2 2 1 
000099 1 2 2 1 3 
000100 1 2 2 2 2 
